              precision    recall  f1-score   support

           1       0.90      0.88      0.89   1056626
           2       0.93      0.85      0.88    488428
           3       0.85      0.85      0.85   1357528
           4       0.97      0.98      0.97   9072181
           7       0.59      0.75      0.66     25237

    accuracy                           0.95  12000000
   macro avg       0.85      0.86      0.85  12000000
weighted avg       0.95      0.95      0.95  12000000

report_finish
Confusion matrix, without normalization
[[ 934815   12834   70357   28828    9792]
 [  28401  414093     575   42871    2488]
 [  20414       0 1148610  188312     192]
 [  49844   20621  127035 8873727     954]
 [    399      12    2078    3817   18931]]
Normalized confusion matrix
[[8.85e-01 1.21e-02 6.66e-02 2.73e-02 9.27e-03]
 [5.81e-02 8.48e-01 1.18e-03 8.78e-02 5.09e-03]
 [1.50e-02 0.00e+00 8.46e-01 1.39e-01 1.41e-04]
 [5.49e-03 2.27e-03 1.40e-02 9.78e-01 1.05e-04]
 [1.58e-02 4.75e-04 8.23e-02 1.51e-01 7.50e-01]]
完成